Level	Amazon	Sorceress	Necromancer	Paladin	Barbarian	Druid	Assassin	ExpRatio
MaxLvl	1000	1000	1000	1000	1000	1000	1000	15
0	0	0	0	0	0	0	0	32768
1	256	256	256	256	256	256	256	32768
2	512	512	512	512	512	512	512	32768
3	768	768	768	768	768	768	768	32768
4	1025	1025	1025	1025	1025	1025	1025	32768
5	1282	1282	1282	1282	1282	1282	1282	32768
6	1541	1541	1541	1541	1541	1541	1541	32768
7	1802	1802	1802	1802	1802	1802	1802	32768
8	2065	2065	2065	2065	2065	2065	2065	32768
9	2332	2332	2332	2332	2332	2332	2332	32768
10	2602	2602	2602	2602	2602	2602	2602	32768
11	2878	2878	2878	2878	2878	2878	2878	32768
12	3161	3161	3161	3161	3161	3161	3161	32768
13	3450	3450	3450	3450	3450	3450	3450	32768
14	3748	3748	3748	3748	3748	3748	3748	32768
15	4057	4057	4057	4057	4057	4057	4057	32768
16	4377	4377	4377	4377	4377	4377	4377	32768
17	4710	4710	4710	4710	4710	4710	4710	32768
18	5058	5058	5058	5058	5058	5058	5058	32768
19	5423	5423	5423	5423	5423	5423	5423	32768
20	5807	5807	5807	5807	5807	5807	5807	32768
21	6211	6211	6211	6211	6211	6211	6211	32768
22	6638	6638	6638	6638	6638	6638	6638	32768
23	7089	7089	7089	7089	7089	7089	7089	32768
24	7568	7568	7568	7568	7568	7568	7568	32768
25	8077	8077	8077	8077	8077	8077	8077	32768
26	8618	8618	8618	8618	8618	8618	8618	32768
27	9194	9194	9194	9194	9194	9194	9194	32768
28	9807	9807	9807	9807	9807	9807	9807	32768
29	10461	10461	10461	10461	10461	10461	10461	32768
30	11158	11158	11158	11158	11158	11158	11158	32768
31	11902	11902	11902	11902	11902	11902	11902	32768
32	12695	12695	12695	12695	12695	12695	12695	32768
33	13541	13541	13541	13541	13541	13541	13541	32768
34	14443	14443	14443	14443	14443	14443	14443	32768
35	15405	15405	15405	15405	15405	15405	15405	32768
36	16429	16429	16429	16429	16429	16429	16429	32768
37	17521	17521	17521	17521	17521	17521	17521	32768
38	18683	18683	18683	18683	18683	18683	18683	32768
39	19920	19920	19920	19920	19920	19920	19920	32768
40	21235	21235	21235	21235	21235	21235	21235	32768
41	22632	22632	22632	22632	22632	22632	22632	32768
42	24116	24116	24116	24116	24116	24116	24116	32768
43	25691	25691	25691	25691	25691	25691	25691	32768
44	27361	27361	27361	27361	27361	27361	27361	32768
45	29132	29132	29132	29132	29132	29132	29132	32768
46	31006	31006	31006	31006	31006	31006	31006	32768
47	32990	32990	32990	32990	32990	32990	32990	32768
48	35087	35087	35087	35087	35087	35087	35087	32768
49	37303	37303	37303	37303	37303	37303	37303	32768
50	39643	39643	39643	39643	39643	39643	39643	32768
51	42112	42112	42112	42112	42112	42112	42112	32768
52	44715	44715	44715	44715	44715	44715	44715	32768
53	47457	47457	47457	47457	47457	47457	47457	32768
54	50344	50344	50344	50344	50344	50344	50344	32768
55	53381	53381	53381	53381	53381	53381	53381	32768
56	56574	56574	56574	56574	56574	56574	56574	32768
57	59929	59929	59929	59929	59929	59929	59929	32768
58	63451	63451	63451	63451	63451	63451	63451	32768
59	67147	67147	67147	67147	67147	67147	67147	32768
60	71022	71022	71022	71022	71022	71022	71022	32768
61	75083	75083	75083	75083	75083	75083	75083	32768
62	79335	79335	79335	79335	79335	79335	79335	32768
63	83786	83786	83786	83786	83786	83786	83786	32768
64	88441	88441	88441	88441	88441	88441	88441	32768
65	93307	93307	93307	93307	93307	93307	93307	32768
66	98391	98391	98391	98391	98391	98391	98391	32768
67	103700	103700	103700	103700	103700	103700	103700	32768
68	109239	109239	109239	109239	109239	109239	109239	32768
69	115018	115018	115018	115018	115018	115018	115018	32768
70	121041	121041	121041	121041	121041	121041	121041	32768
71	127317	127317	127317	127317	127317	127317	127317	32768
72	133853	133853	133853	133853	133853	133853	133853	32768
73	140656	140656	140656	140656	140656	140656	140656	32768
74	147734	147734	147734	147734	147734	147734	147734	32768
75	155094	155094	155094	155094	155094	155094	155094	32768
76	162744	162744	162744	162744	162744	162744	162744	32768
77	170692	170692	170692	170692	170692	170692	170692	32768
78	178945	178945	178945	178945	178945	178945	178945	32768
79	187512	187512	187512	187512	187512	187512	187512	32768
80	196401	196401	196401	196401	196401	196401	196401	32768
81	205619	205619	205619	205619	205619	205619	205619	32768
82	215175	215175	215175	215175	215175	215175	215175	32768
83	225078	225078	225078	225078	225078	225078	225078	32768
84	235337	235337	235337	235337	235337	235337	235337	32768
85	245958	245958	245958	245958	245958	245958	245958	32768
86	256953	256953	256953	256953	256953	256953	256953	32768
87	268328	268328	268328	268328	268328	268328	268328	32768
88	280093	280093	280093	280093	280093	280093	280093	32768
89	292258	292258	292258	292258	292258	292258	292258	32768
90	304831	304831	304831	304831	304831	304831	304831	32768
91	317821	317821	317821	317821	317821	317821	317821	32768
92	331238	331238	331238	331238	331238	331238	331238	32768
93	345092	345092	345092	345092	345092	345092	345092	32768
94	359391	359391	359391	359391	359391	359391	359391	32768
95	374145	374145	374145	374145	374145	374145	374145	32768
96	389365	389365	389365	389365	389365	389365	389365	32768
97	405060	405060	405060	405060	405060	405060	405060	32768
98	421239	421239	421239	421239	421239	421239	421239	32768
99	437914	437914	437914	437914	437914	437914	437914	32768
100	455094	455094	455094	455094	455094	455094	455094	32768
101	472789	472789	472789	472789	472789	472789	472789	32731
102	491010	491010	491010	491010	491010	491010	491010	32695
103	509767	509767	509767	509767	509767	509767	509767	32658
104	529071	529071	529071	529071	529071	529071	529071	32622
105	548932	548932	548932	548932	548932	548932	548932	32585
106	569362	569362	569362	569362	569362	569362	569362	32549
107	590371	590371	590371	590371	590371	590371	590371	32513
108	611969	611969	611969	611969	611969	611969	611969	32476
109	634169	634169	634169	634169	634169	634169	634169	32440
110	656982	656982	656982	656982	656982	656982	656982	32403
111	680417	680417	680417	680417	680417	680417	680417	32367
112	704488	704488	704488	704488	704488	704488	704488	32331
113	729206	729206	729206	729206	729206	729206	729206	32294
114	754581	754581	754581	754581	754581	754581	754581	32258
115	780627	780627	780627	780627	780627	780627	780627	32221
116	807354	807354	807354	807354	807354	807354	807354	32185
117	834774	834774	834774	834774	834774	834774	834774	32149
118	862900	862900	862900	862900	862900	862900	862900	32112
119	891744	891744	891744	891744	891744	891744	891744	32076
120	921318	921318	921318	921318	921318	921318	921318	32039
121	951633	951633	951633	951633	951633	951633	951633	32003
122	982704	982704	982704	982704	982704	982704	982704	31967
123	1014541	1014541	1014541	1014541	1014541	1014541	1014541	31930
124	1047158	1047158	1047158	1047158	1047158	1047158	1047158	31894
125	1080568	1080568	1080568	1080568	1080568	1080568	1080568	31857
126	1114783	1114783	1114783	1114783	1114783	1114783	1114783	31821
127	1149816	1149816	1149816	1149816	1149816	1149816	1149816	31784
128	1185680	1185680	1185680	1185680	1185680	1185680	1185680	31748
129	1222389	1222389	1222389	1222389	1222389	1222389	1222389	31712
130	1259956	1259956	1259956	1259956	1259956	1259956	1259956	31675
131	1298393	1298393	1298393	1298393	1298393	1298393	1298393	31639
132	1337715	1337715	1337715	1337715	1337715	1337715	1337715	31602
133	1377935	1377935	1377935	1377935	1377935	1377935	1377935	31566
134	1419067	1419067	1419067	1419067	1419067	1419067	1419067	31530
135	1461124	1461124	1461124	1461124	1461124	1461124	1461124	31493
136	1504121	1504121	1504121	1504121	1504121	1504121	1504121	31457
137	1548070	1548070	1548070	1548070	1548070	1548070	1548070	31420
138	1592987	1592987	1592987	1592987	1592987	1592987	1592987	31384
139	1638886	1638886	1638886	1638886	1638886	1638886	1638886	31348
140	1685780	1685780	1685780	1685780	1685780	1685780	1685780	31311
141	1733685	1733685	1733685	1733685	1733685	1733685	1733685	31275
142	1782614	1782614	1782614	1782614	1782614	1782614	1782614	31238
143	1832583	1832583	1832583	1832583	1832583	1832583	1832583	31202
144	1883605	1883605	1883605	1883605	1883605	1883605	1883605	31166
145	1935696	1935696	1935696	1935696	1935696	1935696	1935696	31129
146	1988871	1988871	1988871	1988871	1988871	1988871	1988871	31093
147	2043144	2043144	2043144	2043144	2043144	2043144	2043144	31056
148	2098531	2098531	2098531	2098531	2098531	2098531	2098531	31020
149	2155047	2155047	2155047	2155047	2155047	2155047	2155047	30983
150	2212707	2212707	2212707	2212707	2212707	2212707	2212707	30947
151	2271527	2271527	2271527	2271527	2271527	2271527	2271527	30911
152	2331522	2331522	2331522	2331522	2331522	2331522	2331522	30874
153	2392708	2392708	2392708	2392708	2392708	2392708	2392708	30838
154	2455100	2455100	2455100	2455100	2455100	2455100	2455100	30801
155	2518714	2518714	2518714	2518714	2518714	2518714	2518714	30765
156	2583567	2583567	2583567	2583567	2583567	2583567	2583567	30729
157	2649674	2649674	2649674	2649674	2649674	2649674	2649674	30692
158	2717051	2717051	2717051	2717051	2717051	2717051	2717051	30656
159	2785715	2785715	2785715	2785715	2785715	2785715	2785715	30619
160	2855682	2855682	2855682	2855682	2855682	2855682	2855682	30583
161	2926969	2926969	2926969	2926969	2926969	2926969	2926969	30547
162	2999591	2999591	2999591	2999591	2999591	2999591	2999591	30510
163	3073566	3073566	3073566	3073566	3073566	3073566	3073566	30474
164	3148910	3148910	3148910	3148910	3148910	3148910	3148910	30437
165	3225641	3225641	3225641	3225641	3225641	3225641	3225641	30401
166	3303774	3303774	3303774	3303774	3303774	3303774	3303774	30365
167	3383328	3383328	3383328	3383328	3383328	3383328	3383328	30328
168	3464319	3464319	3464319	3464319	3464319	3464319	3464319	30292
169	3546765	3546765	3546765	3546765	3546765	3546765	3546765	30255
170	3630683	3630683	3630683	3630683	3630683	3630683	3630683	30219
171	3716090	3716090	3716090	3716090	3716090	3716090	3716090	30182
172	3803004	3803004	3803004	3803004	3803004	3803004	3803004	30146
173	3891443	3891443	3891443	3891443	3891443	3891443	3891443	30110
174	3981425	3981425	3981425	3981425	3981425	3981425	3981425	30073
175	4072967	4072967	4072967	4072967	4072967	4072967	4072967	30037
176	4166087	4166087	4166087	4166087	4166087	4166087	4166087	30000
177	4260804	4260804	4260804	4260804	4260804	4260804	4260804	29964
178	4357136	4357136	4357136	4357136	4357136	4357136	4357136	29928
179	4455100	4455100	4455100	4455100	4455100	4455100	4455100	29891
180	4554716	4554716	4554716	4554716	4554716	4554716	4554716	29855
181	4656002	4656002	4656002	4656002	4656002	4656002	4656002	29818
182	4758976	4758976	4758976	4758976	4758976	4758976	4758976	29782
183	4863657	4863657	4863657	4863657	4863657	4863657	4863657	29746
184	4970064	4970064	4970064	4970064	4970064	4970064	4970064	29709
185	5078217	5078217	5078217	5078217	5078217	5078217	5078217	29673
186	5188133	5188133	5188133	5188133	5188133	5188133	5188133	29636
187	5299832	5299832	5299832	5299832	5299832	5299832	5299832	29600
188	5413333	5413333	5413333	5413333	5413333	5413333	5413333	29564
189	5528656	5528656	5528656	5528656	5528656	5528656	5528656	29527
190	5645820	5645820	5645820	5645820	5645820	5645820	5645820	29491
191	5764845	5764845	5764845	5764845	5764845	5764845	5764845	29454
192	5885750	5885750	5885750	5885750	5885750	5885750	5885750	29418
193	6008555	6008555	6008555	6008555	6008555	6008555	6008555	29381
194	6133279	6133279	6133279	6133279	6133279	6133279	6133279	29345
195	6259943	6259943	6259943	6259943	6259943	6259943	6259943	29309
196	6388567	6388567	6388567	6388567	6388567	6388567	6388567	29272
197	6519171	6519171	6519171	6519171	6519171	6519171	6519171	29236
198	6651775	6651775	6651775	6651775	6651775	6651775	6651775	29199
199	6786400	6786400	6786400	6786400	6786400	6786400	6786400	29163
200	6923065	6923065	6923065	6923065	6923065	6923065	6923065	29127
201	7061792	7061792	7061792	7061792	7061792	7061792	7061792	29090
202	7202602	7202602	7202602	7202602	7202602	7202602	7202602	29054
203	7345514	7345514	7345514	7345514	7345514	7345514	7345514	29017
204	7490550	7490550	7490550	7490550	7490550	7490550	7490550	28981
205	7637731	7637731	7637731	7637731	7637731	7637731	7637731	28945
206	7787078	7787078	7787078	7787078	7787078	7787078	7787078	28908
207	7938612	7938612	7938612	7938612	7938612	7938612	7938612	28872
208	8092355	8092355	8092355	8092355	8092355	8092355	8092355	28835
209	8248327	8248327	8248327	8248327	8248327	8248327	8248327	28799
210	8406550	8406550	8406550	8406550	8406550	8406550	8406550	28763
211	8567047	8567047	8567047	8567047	8567047	8567047	8567047	28726
212	8729837	8729837	8729837	8729837	8729837	8729837	8729837	28690
213	8894945	8894945	8894945	8894945	8894945	8894945	8894945	28653
214	9062390	9062390	9062390	9062390	9062390	9062390	9062390	28617
215	9232196	9232196	9232196	9232196	9232196	9232196	9232196	28580
216	9404384	9404384	9404384	9404384	9404384	9404384	9404384	28544
217	9578977	9578977	9578977	9578977	9578977	9578977	9578977	28508
218	9755996	9755996	9755996	9755996	9755996	9755996	9755996	28471
219	9935465	9935465	9935465	9935465	9935465	9935465	9935465	28435
220	10117406	10117406	10117406	10117406	10117406	10117406	10117406	28398
221	10301841	10301841	10301841	10301841	10301841	10301841	10301841	28362
222	10488794	10488794	10488794	10488794	10488794	10488794	10488794	28326
223	10678286	10678286	10678286	10678286	10678286	10678286	10678286	28289
224	10870342	10870342	10870342	10870342	10870342	10870342	10870342	28253
225	11064983	11064983	11064983	11064983	11064983	11064983	11064983	28216
226	11262234	11262234	11262234	11262234	11262234	11262234	11262234	28180
227	11462117	11462117	11462117	11462117	11462117	11462117	11462117	28144
228	11664656	11664656	11664656	11664656	11664656	11664656	11664656	28107
229	11869874	11869874	11869874	11869874	11869874	11869874	11869874	28071
230	12077794	12077794	12077794	12077794	12077794	12077794	12077794	28034
231	12288441	12288441	12288441	12288441	12288441	12288441	12288441	27998
232	12501838	12501838	12501838	12501838	12501838	12501838	12501838	27962
233	12718010	12718010	12718010	12718010	12718010	12718010	12718010	27925
234	12936979	12936979	12936979	12936979	12936979	12936979	12936979	27889
235	13158770	13158770	13158770	13158770	13158770	13158770	13158770	27852
236	13383407	13383407	13383407	13383407	13383407	13383407	13383407	27816
237	13610915	13610915	13610915	13610915	13610915	13610915	13610915	27779
238	13841318	13841318	13841318	13841318	13841318	13841318	13841318	27743
239	14074640	14074640	14074640	14074640	14074640	14074640	14074640	27707
240	14310906	14310906	14310906	14310906	14310906	14310906	14310906	27670
241	14550141	14550141	14550141	14550141	14550141	14550141	14550141	27634
242	14792369	14792369	14792369	14792369	14792369	14792369	14792369	27597
243	15037616	15037616	15037616	15037616	15037616	15037616	15037616	27561
244	15285905	15285905	15285905	15285905	15285905	15285905	15285905	27525
245	15537263	15537263	15537263	15537263	15537263	15537263	15537263	27488
246	15791715	15791715	15791715	15791715	15791715	15791715	15791715	27452
247	16049286	16049286	16049286	16049286	16049286	16049286	16049286	27415
248	16310001	16310001	16310001	16310001	16310001	16310001	16310001	27379
249	16573885	16573885	16573885	16573885	16573885	16573885	16573885	27343
250	16840965	16840965	16840965	16840965	16840965	16840965	16840965	27306
251	17111267	17111267	17111267	17111267	17111267	17111267	17111267	27270
252	17384815	17384815	17384815	17384815	17384815	17384815	17384815	27233
253	17661636	17661636	17661636	17661636	17661636	17661636	17661636	27197
254	17941756	17941756	17941756	17941756	17941756	17941756	17941756	27161
255	18225202	18225202	18225202	18225202	18225202	18225202	18225202	27124
256	18511998	18511998	18511998	18511998	18511998	18511998	18511998	27088
257	18802172	18802172	18802172	18802172	18802172	18802172	18802172	27051
258	19095750	19095750	19095750	19095750	19095750	19095750	19095750	27015
259	19392759	19392759	19392759	19392759	19392759	19392759	19392759	26978
260	19693225	19693225	19693225	19693225	19693225	19693225	19693225	26942
261	19997175	19997175	19997175	19997175	19997175	19997175	19997175	26906
262	20304636	20304636	20304636	20304636	20304636	20304636	20304636	26869
263	20615635	20615635	20615635	20615635	20615635	20615635	20615635	26833
264	20930198	20930198	20930198	20930198	20930198	20930198	20930198	26796
265	21248354	21248354	21248354	21248354	21248354	21248354	21248354	26760
266	21570128	21570128	21570128	21570128	21570128	21570128	21570128	26724
267	21895550	21895550	21895550	21895550	21895550	21895550	21895550	26687
268	22224645	22224645	22224645	22224645	22224645	22224645	22224645	26651
269	22557443	22557443	22557443	22557443	22557443	22557443	22557443	26614
270	22893969	22893969	22893969	22893969	22893969	22893969	22893969	26578
271	23234253	23234253	23234253	23234253	23234253	23234253	23234253	26542
272	23578322	23578322	23578322	23578322	23578322	23578322	23578322	26505
273	23926204	23926204	23926204	23926204	23926204	23926204	23926204	26469
274	24277927	24277927	24277927	24277927	24277927	24277927	24277927	26432
275	24633519	24633519	24633519	24633519	24633519	24633519	24633519	26396
276	24993009	24993009	24993009	24993009	24993009	24993009	24993009	26360
277	25356424	25356424	25356424	25356424	25356424	25356424	25356424	26323
278	25723795	25723795	25723795	25723795	25723795	25723795	25723795	26287
279	26095148	26095148	26095148	26095148	26095148	26095148	26095148	26250
280	26470513	26470513	26470513	26470513	26470513	26470513	26470513	26214
281	26849919	26849919	26849919	26849919	26849919	26849919	26849919	26177
282	27233394	27233394	27233394	27233394	27233394	27233394	27233394	26141
283	27620968	27620968	27620968	27620968	27620968	27620968	27620968	26105
284	28012669	28012669	28012669	28012669	28012669	28012669	28012669	26068
285	28408528	28408528	28408528	28408528	28408528	28408528	28408528	26032
286	28808572	28808572	28808572	28808572	28808572	28808572	28808572	25995
287	29212832	29212832	29212832	29212832	29212832	29212832	29212832	25959
288	29621337	29621337	29621337	29621337	29621337	29621337	29621337	25923
289	30034117	30034117	30034117	30034117	30034117	30034117	30034117	25886
290	30451202	30451202	30451202	30451202	30451202	30451202	30451202	25850
291	30872621	30872621	30872621	30872621	30872621	30872621	30872621	25813
292	31298404	31298404	31298404	31298404	31298404	31298404	31298404	25777
293	31728582	31728582	31728582	31728582	31728582	31728582	31728582	25741
294	32163184	32163184	32163184	32163184	32163184	32163184	32163184	25704
295	32602241	32602241	32602241	32602241	32602241	32602241	32602241	25668
296	33045783	33045783	33045783	33045783	33045783	33045783	33045783	25631
297	33493840	33493840	33493840	33493840	33493840	33493840	33493840	25595
298	33946444	33946444	33946444	33946444	33946444	33946444	33946444	25559
299	34403624	34403624	34403624	34403624	34403624	34403624	34403624	25522
300	34865413	34865413	34865413	34865413	34865413	34865413	34865413	25486
301	35331839	35331839	35331839	35331839	35331839	35331839	35331839	25449
302	35802935	35802935	35802935	35802935	35802935	35802935	35802935	25413
303	36278731	36278731	36278731	36278731	36278731	36278731	36278731	25376
304	36759259	36759259	36759259	36759259	36759259	36759259	36759259	25340
305	37244550	37244550	37244550	37244550	37244550	37244550	37244550	25304
306	37734636	37734636	37734636	37734636	37734636	37734636	37734636	25267
307	38229547	38229547	38229547	38229547	38229547	38229547	38229547	25231
308	38729315	38729315	38729315	38729315	38729315	38729315	38729315	25194
309	39233973	39233973	39233973	39233973	39233973	39233973	39233973	25158
310	39743552	39743552	39743552	39743552	39743552	39743552	39743552	25122
311	40258083	40258083	40258083	40258083	40258083	40258083	40258083	25085
312	40777599	40777599	40777599	40777599	40777599	40777599	40777599	25049
313	41302132	41302132	41302132	41302132	41302132	41302132	41302132	25012
314	41831715	41831715	41831715	41831715	41831715	41831715	41831715	24976
315	42366378	42366378	42366378	42366378	42366378	42366378	42366378	24940
316	42906156	42906156	42906156	42906156	42906156	42906156	42906156	24903
317	43451080	43451080	43451080	43451080	43451080	43451080	43451080	24867
318	44001183	44001183	44001183	44001183	44001183	44001183	44001183	24830
319	44556497	44556497	44556497	44556497	44556497	44556497	44556497	24794
320	45117057	45117057	45117057	45117057	45117057	45117057	45117057	24758
321	45682894	45682894	45682894	45682894	45682894	45682894	45682894	24721
322	46254041	46254041	46254041	46254041	46254041	46254041	46254041	24685
323	46830532	46830532	46830532	46830532	46830532	46830532	46830532	24648
324	47412400	47412400	47412400	47412400	47412400	47412400	47412400	24612
325	47999678	47999678	47999678	47999678	47999678	47999678	47999678	24576
326	48592400	48592400	48592400	48592400	48592400	48592400	48592400	24539
327	49190599	49190599	49190599	49190599	49190599	49190599	49190599	24503
328	49794309	49794309	49794309	49794309	49794309	49794309	49794309	24466
329	50403564	50403564	50403564	50403564	50403564	50403564	50403564	24430
330	51018397	51018397	51018397	51018397	51018397	51018397	51018397	24393
331	51638842	51638842	51638842	51638842	51638842	51638842	51638842	24357
332	52264935	52264935	52264935	52264935	52264935	52264935	52264935	24321
333	52896708	52896708	52896708	52896708	52896708	52896708	52896708	24284
334	53534196	53534196	53534196	53534196	53534196	53534196	53534196	24248
335	54177433	54177433	54177433	54177433	54177433	54177433	54177433	24211
336	54826454	54826454	54826454	54826454	54826454	54826454	54826454	24175
337	55481294	55481294	55481294	55481294	55481294	55481294	55481294	24139
338	56141986	56141986	56141986	56141986	56141986	56141986	56141986	24102
339	56808567	56808567	56808567	56808567	56808567	56808567	56808567	24066
340	57481071	57481071	57481071	57481071	57481071	57481071	57481071	24029
341	58159532	58159532	58159532	58159532	58159532	58159532	58159532	23993
342	58843986	58843986	58843986	58843986	58843986	58843986	58843986	23957
343	59534468	59534468	59534468	59534468	59534468	59534468	59534468	23920
344	60231014	60231014	60231014	60231014	60231014	60231014	60231014	23884
345	60933658	60933658	60933658	60933658	60933658	60933658	60933658	23847
346	61642437	61642437	61642437	61642437	61642437	61642437	61642437	23811
347	62357385	62357385	62357385	62357385	62357385	62357385	62357385	23775
348	63078539	63078539	63078539	63078539	63078539	63078539	63078539	23738
349	63805935	63805935	63805935	63805935	63805935	63805935	63805935	23702
350	64539608	64539608	64539608	64539608	64539608	64539608	64539608	23665
351	65279594	65279594	65279594	65279594	65279594	65279594	65279594	23629
352	66025930	66025930	66025930	66025930	66025930	66025930	66025930	23592
353	66778652	66778652	66778652	66778652	66778652	66778652	66778652	23556
354	67537796	67537796	67537796	67537796	67537796	67537796	67537796	23520
355	68303398	68303398	68303398	68303398	68303398	68303398	68303398	23483
356	69075495	69075495	69075495	69075495	69075495	69075495	69075495	23447
357	69854124	69854124	69854124	69854124	69854124	69854124	69854124	23410
358	70639322	70639322	70639322	70639322	70639322	70639322	70639322	23374
359	71431124	71431124	71431124	71431124	71431124	71431124	71431124	23338
360	72229569	72229569	72229569	72229569	72229569	72229569	72229569	23301
361	73034694	73034694	73034694	73034694	73034694	73034694	73034694	23265
362	73846535	73846535	73846535	73846535	73846535	73846535	73846535	23228
363	74665129	74665129	74665129	74665129	74665129	74665129	74665129	23192
364	75490515	75490515	75490515	75490515	75490515	75490515	75490515	23156
365	76322729	76322729	76322729	76322729	76322729	76322729	76322729	23119
366	77161809	77161809	77161809	77161809	77161809	77161809	77161809	23083
367	78007793	78007793	78007793	78007793	78007793	78007793	78007793	23046
368	78860719	78860719	78860719	78860719	78860719	78860719	78860719	23010
369	79720624	79720624	79720624	79720624	79720624	79720624	79720624	22974
370	80587546	80587546	80587546	80587546	80587546	80587546	80587546	22937
371	81461524	81461524	81461524	81461524	81461524	81461524	81461524	22901
372	82342596	82342596	82342596	82342596	82342596	82342596	82342596	22864
373	83230800	83230800	83230800	83230800	83230800	83230800	83230800	22828
374	84126174	84126174	84126174	84126174	84126174	84126174	84126174	22791
375	85028757	85028757	85028757	85028757	85028757	85028757	85028757	22755
376	85938588	85938588	85938588	85938588	85938588	85938588	85938588	22719
377	86855704	86855704	86855704	86855704	86855704	86855704	86855704	22682
378	87780146	87780146	87780146	87780146	87780146	87780146	87780146	22646
379	88711952	88711952	88711952	88711952	88711952	88711952	88711952	22609
380	89651160	89651160	89651160	89651160	89651160	89651160	89651160	22573
381	90597811	90597811	90597811	90597811	90597811	90597811	90597811	22537
382	91551943	91551943	91551943	91551943	91551943	91551943	91551943	22500
383	92513595	92513595	92513595	92513595	92513595	92513595	92513595	22464
384	93482808	93482808	93482808	93482808	93482808	93482808	93482808	22427
385	94459620	94459620	94459620	94459620	94459620	94459620	94459620	22391
386	95444071	95444071	95444071	95444071	95444071	95444071	95444071	22355
387	96436201	96436201	96436201	96436201	96436201	96436201	96436201	22318
388	97436050	97436050	97436050	97436050	97436050	97436050	97436050	22282
389	98443658	98443658	98443658	98443658	98443658	98443658	98443658	22245
390	99459064	99459064	99459064	99459064	99459064	99459064	99459064	22209
391	100482309	100482309	100482309	100482309	100482309	100482309	100482309	22173
392	101513434	101513434	101513434	101513434	101513434	101513434	101513434	22136
393	102552477	102552477	102552477	102552477	102552477	102552477	102552477	22100
394	103599481	103599481	103599481	103599481	103599481	103599481	103599481	22063
395	104654485	104654485	104654485	104654485	104654485	104654485	104654485	22027
396	105717531	105717531	105717531	105717531	105717531	105717531	105717531	21990
397	106788658	106788658	106788658	106788658	106788658	106788658	106788658	21954
398	107867908	107867908	107867908	107867908	107867908	107867908	107867908	21918
399	108955322	108955322	108955322	108955322	108955322	108955322	108955322	21881
400	110050941	110050941	110050941	110050941	110050941	110050941	110050941	21845
401	111154806	111154806	111154806	111154806	111154806	111154806	111154806	21808
402	112266958	112266958	112266958	112266958	112266958	112266958	112266958	21772
403	113387438	113387438	113387438	113387438	113387438	113387438	113387438	21736
404	114516289	114516289	114516289	114516289	114516289	114516289	114516289	21699
405	115653552	115653552	115653552	115653552	115653552	115653552	115653552	21663
406	116799268	116799268	116799268	116799268	116799268	116799268	116799268	21626
407	117953479	117953479	117953479	117953479	117953479	117953479	117953479	21590
408	119116228	119116228	119116228	119116228	119116228	119116228	119116228	21554
409	120287555	120287555	120287555	120287555	120287555	120287555	120287555	21517
410	121467504	121467504	121467504	121467504	121467504	121467504	121467504	21481
411	122656117	122656117	122656117	122656117	122656117	122656117	122656117	21444
412	123853435	123853435	123853435	123853435	123853435	123853435	123853435	21408
413	125059501	125059501	125059501	125059501	125059501	125059501	125059501	21372
414	126274358	126274358	126274358	126274358	126274358	126274358	126274358	21335
415	127498049	127498049	127498049	127498049	127498049	127498049	127498049	21299
416	128730615	128730615	128730615	128730615	128730615	128730615	128730615	21262
417	129972100	129972100	129972100	129972100	129972100	129972100	129972100	21226
418	131222547	131222547	131222547	131222547	131222547	131222547	131222547	21189
419	132481999	132481999	132481999	132481999	132481999	132481999	132481999	21153
420	133750499	133750499	133750499	133750499	133750499	133750499	133750499	21117
421	135028090	135028090	135028090	135028090	135028090	135028090	135028090	21080
422	136314816	136314816	136314816	136314816	136314816	136314816	136314816	21044
423	137610720	137610720	137610720	137610720	137610720	137610720	137610720	21007
424	138915845	138915845	138915845	138915845	138915845	138915845	138915845	20971
425	140230236	140230236	140230236	140230236	140230236	140230236	140230236	20935
426	141553935	141553935	141553935	141553935	141553935	141553935	141553935	20898
427	142886987	142886987	142886987	142886987	142886987	142886987	142886987	20862
428	144229436	144229436	144229436	144229436	144229436	144229436	144229436	20825
429	145581326	145581326	145581326	145581326	145581326	145581326	145581326	20789
430	146942701	146942701	146942701	146942701	146942701	146942701	146942701	20753
431	148313605	148313605	148313605	148313605	148313605	148313605	148313605	20716
432	149694083	149694083	149694083	149694083	149694083	149694083	149694083	20680
433	151084179	151084179	151084179	151084179	151084179	151084179	151084179	20643
434	152483937	152483937	152483937	152483937	152483937	152483937	152483937	20607
435	153893403	153893403	153893403	153893403	153893403	153893403	153893403	20571
436	155312621	155312621	155312621	155312621	155312621	155312621	155312621	20534
437	156741637	156741637	156741637	156741637	156741637	156741637	156741637	20498
438	158180494	158180494	158180494	158180494	158180494	158180494	158180494	20461
439	159629238	159629238	159629238	159629238	159629238	159629238	159629238	20425
440	161087915	161087915	161087915	161087915	161087915	161087915	161087915	20388
441	162556569	162556569	162556569	162556569	162556569	162556569	162556569	20352
442	164035247	164035247	164035247	164035247	164035247	164035247	164035247	20316
443	165523993	165523993	165523993	165523993	165523993	165523993	165523993	20279
444	167022853	167022853	167022853	167022853	167022853	167022853	167022853	20243
445	168531873	168531873	168531873	168531873	168531873	168531873	168531873	20206
446	170051099	170051099	170051099	170051099	170051099	170051099	170051099	20170
447	171580576	171580576	171580576	171580576	171580576	171580576	171580576	20134
448	173120351	173120351	173120351	173120351	173120351	173120351	173120351	20097
449	174670470	174670470	174670470	174670470	174670470	174670470	174670470	20061
450	176230978	176230978	176230978	176230978	176230978	176230978	176230978	20024
451	177801923	177801923	177801923	177801923	177801923	177801923	177801923	19988
452	179383351	179383351	179383351	179383351	179383351	179383351	179383351	19952
453	180975308	180975308	180975308	180975308	180975308	180975308	180975308	19915
454	182577841	182577841	182577841	182577841	182577841	182577841	182577841	19879
455	184190996	184190996	184190996	184190996	184190996	184190996	184190996	19842
456	185814822	185814822	185814822	185814822	185814822	185814822	185814822	19806
457	187449363	187449363	187449363	187449363	187449363	187449363	187449363	19770
458	189094668	189094668	189094668	189094668	189094668	189094668	189094668	19733
459	190750784	190750784	190750784	190750784	190750784	190750784	190750784	19697
460	192417758	192417758	192417758	192417758	192417758	192417758	192417758	19660
461	194095637	194095637	194095637	194095637	194095637	194095637	194095637	19624
462	195784468	195784468	195784468	195784468	195784468	195784468	195784468	19587
463	197484300	197484300	197484300	197484300	197484300	197484300	197484300	19551
464	199195181	199195181	199195181	199195181	199195181	199195181	199195181	19515
465	200917156	200917156	200917156	200917156	200917156	200917156	200917156	19478
466	202650276	202650276	202650276	202650276	202650276	202650276	202650276	19442
467	204394587	204394587	204394587	204394587	204394587	204394587	204394587	19405
468	206150138	206150138	206150138	206150138	206150138	206150138	206150138	19369
469	207916976	207916976	207916976	207916976	207916976	207916976	207916976	19333
470	209695151	209695151	209695151	209695151	209695151	209695151	209695151	19296
471	211484711	211484711	211484711	211484711	211484711	211484711	211484711	19260
472	213285703	213285703	213285703	213285703	213285703	213285703	213285703	19223
473	215098178	215098178	215098178	215098178	215098178	215098178	215098178	19187
474	216922182	216922182	216922182	216922182	216922182	216922182	216922182	19151
475	218757766	218757766	218757766	218757766	218757766	218757766	218757766	19114
476	220604978	220604978	220604978	220604978	220604978	220604978	220604978	19078
477	222463867	222463867	222463867	222463867	222463867	222463867	222463867	19041
478	224334482	224334482	224334482	224334482	224334482	224334482	224334482	19005
479	226216872	226216872	226216872	226216872	226216872	226216872	226216872	18969
480	228111088	228111088	228111088	228111088	228111088	228111088	228111088	18932
481	230017177	230017177	230017177	230017177	230017177	230017177	230017177	18896
482	231935190	231935190	231935190	231935190	231935190	231935190	231935190	18859
483	233865177	233865177	233865177	233865177	233865177	233865177	233865177	18823
484	235807186	235807186	235807186	235807186	235807186	235807186	235807186	18786
485	237761269	237761269	237761269	237761269	237761269	237761269	237761269	18750
486	239727474	239727474	239727474	239727474	239727474	239727474	239727474	18714
487	241705852	241705852	241705852	241705852	241705852	241705852	241705852	18677
488	243696453	243696453	243696453	243696453	243696453	243696453	243696453	18641
489	245699328	245699328	245699328	245699328	245699328	245699328	245699328	18604
490	247714526	247714526	247714526	247714526	247714526	247714526	247714526	18568
491	249742098	249742098	249742098	249742098	249742098	249742098	249742098	18532
492	251782095	251782095	251782095	251782095	251782095	251782095	251782095	18495
493	253834567	253834567	253834567	253834567	253834567	253834567	253834567	18459
494	255899565	255899565	255899565	255899565	255899565	255899565	255899565	18422
495	257977139	257977139	257977139	257977139	257977139	257977139	257977139	18386
496	260067342	260067342	260067342	260067342	260067342	260067342	260067342	18350
497	262170224	262170224	262170224	262170224	262170224	262170224	262170224	18313
498	264285836	264285836	264285836	264285836	264285836	264285836	264285836	18277
499	266414229	266414229	266414229	266414229	266414229	266414229	266414229	18240
500	268555455	268555455	268555455	268555455	268555455	268555455	268555455	18204
501	270709566	270709566	270709566	270709566	270709566	270709566	270709566	18168
502	272876612	272876612	272876612	272876612	272876612	272876612	272876612	18131
503	275056646	275056646	275056646	275056646	275056646	275056646	275056646	18095
504	277249719	277249719	277249719	277249719	277249719	277249719	277249719	18058
505	279455883	279455883	279455883	279455883	279455883	279455883	279455883	18022
506	281675191	281675191	281675191	281675191	281675191	281675191	281675191	17985
507	283907694	283907694	283907694	283907694	283907694	283907694	283907694	17949
508	286153444	286153444	286153444	286153444	286153444	286153444	286153444	17913
509	288412495	288412495	288412495	288412495	288412495	288412495	288412495	17876
510	290684897	290684897	290684897	290684897	290684897	290684897	290684897	17840
511	292970705	292970705	292970705	292970705	292970705	292970705	292970705	17803
512	295269969	295269969	295269969	295269969	295269969	295269969	295269969	17767
513	297582744	297582744	297582744	297582744	297582744	297582744	297582744	17731
514	299909082	299909082	299909082	299909082	299909082	299909082	299909082	17694
515	302249036	302249036	302249036	302249036	302249036	302249036	302249036	17658
516	304602659	304602659	304602659	304602659	304602659	304602659	304602659	17621
517	306970003	306970003	306970003	306970003	306970003	306970003	306970003	17585
518	309351123	309351123	309351123	309351123	309351123	309351123	309351123	17549
519	311746072	311746072	311746072	311746072	311746072	311746072	311746072	17512
520	314154902	314154902	314154902	314154902	314154902	314154902	314154902	17476
521	316577668	316577668	316577668	316577668	316577668	316577668	316577668	17439
522	319014424	319014424	319014424	319014424	319014424	319014424	319014424	17403
523	321465222	321465222	321465222	321465222	321465222	321465222	321465222	17367
524	323930118	323930118	323930118	323930118	323930118	323930118	323930118	17330
525	326409164	326409164	326409164	326409164	326409164	326409164	326409164	17294
526	328902415	328902415	328902415	328902415	328902415	328902415	328902415	17257
527	331409925	331409925	331409925	331409925	331409925	331409925	331409925	17221
528	333931748	333931748	333931748	333931748	333931748	333931748	333931748	17184
529	336467939	336467939	336467939	336467939	336467939	336467939	336467939	17148
530	339018552	339018552	339018552	339018552	339018552	339018552	339018552	17112
531	341583642	341583642	341583642	341583642	341583642	341583642	341583642	17075
532	344163263	344163263	344163263	344163263	344163263	344163263	344163263	17039
533	346757471	346757471	346757471	346757471	346757471	346757471	346757471	17002
534	349366319	349366319	349366319	349366319	349366319	349366319	349366319	16966
535	351989864	351989864	351989864	351989864	351989864	351989864	351989864	16930
536	354628159	354628159	354628159	354628159	354628159	354628159	354628159	16893
537	357281261	357281261	357281261	357281261	357281261	357281261	357281261	16857
538	359949225	359949225	359949225	359949225	359949225	359949225	359949225	16820
539	362632106	362632106	362632106	362632106	362632106	362632106	362632106	16784
540	365329959	365329959	365329959	365329959	365329959	365329959	365329959	16748
541	368042841	368042841	368042841	368042841	368042841	368042841	368042841	16711
542	370770806	370770806	370770806	370770806	370770806	370770806	370770806	16675
543	373513911	373513911	373513911	373513911	373513911	373513911	373513911	16638
544	376272211	376272211	376272211	376272211	376272211	376272211	376272211	16602
545	379045764	379045764	379045764	379045764	379045764	379045764	379045764	16566
546	381834623	381834623	381834623	381834623	381834623	381834623	381834623	16529
547	384638847	384638847	384638847	384638847	384638847	384638847	384638847	16493
548	387458491	387458491	387458491	387458491	387458491	387458491	387458491	16456
549	390293612	390293612	390293612	390293612	390293612	390293612	390293612	16420
550	393144266	393144266	393144266	393144266	393144266	393144266	393144266	16384
551	396010510	396010510	396010510	396010510	396010510	396010510	396010510	16347
552	398892401	398892401	398892401	398892401	398892401	398892401	398892401	16311
553	401789995	401789995	401789995	401789995	401789995	401789995	401789995	16274
554	404703350	404703350	404703350	404703350	404703350	404703350	404703350	16238
555	407632522	407632522	407632522	407632522	407632522	407632522	407632522	16201
556	410577568	410577568	410577568	410577568	410577568	410577568	410577568	16165
557	413538547	413538547	413538547	413538547	413538547	413538547	413538547	16129
558	416515514	416515514	416515514	416515514	416515514	416515514	416515514	16092
559	419508529	419508529	419508529	419508529	419508529	419508529	419508529	16056
560	422517648	422517648	422517648	422517648	422517648	422517648	422517648	16019
561	425542928	425542928	425542928	425542928	425542928	425542928	425542928	15983
562	428584429	428584429	428584429	428584429	428584429	428584429	428584429	15947
563	431642206	431642206	431642206	431642206	431642206	431642206	431642206	15910
564	434716320	434716320	434716320	434716320	434716320	434716320	434716320	15874
565	437806827	437806827	437806827	437806827	437806827	437806827	437806827	15837
566	440913786	440913786	440913786	440913786	440913786	440913786	440913786	15801
567	444037255	444037255	444037255	444037255	444037255	444037255	444037255	15765
568	447177292	447177292	447177292	447177292	447177292	447177292	447177292	15728
569	450333957	450333957	450333957	450333957	450333957	450333957	450333957	15692
570	453507307	453507307	453507307	453507307	453507307	453507307	453507307	15655
571	456697401	456697401	456697401	456697401	456697401	456697401	456697401	15619
572	459904299	459904299	459904299	459904299	459904299	459904299	459904299	15583
573	463128058	463128058	463128058	463128058	463128058	463128058	463128058	15546
574	466368738	466368738	466368738	466368738	466368738	466368738	466368738	15510
575	469626399	469626399	469626399	469626399	469626399	469626399	469626399	15473
576	472901099	472901099	472901099	472901099	472901099	472901099	472901099	15437
577	476192897	476192897	476192897	476192897	476192897	476192897	476192897	15400
578	479501854	479501854	479501854	479501854	479501854	479501854	479501854	15364
579	482828028	482828028	482828028	482828028	482828028	482828028	482828028	15328
580	486171479	486171479	486171479	486171479	486171479	486171479	486171479	15291
581	489532267	489532267	489532267	489532267	489532267	489532267	489532267	15255
582	492910452	492910452	492910452	492910452	492910452	492910452	492910452	15218
583	496306094	496306094	496306094	496306094	496306094	496306094	496306094	15182
584	499719252	499719252	499719252	499719252	499719252	499719252	499719252	15146
585	503149988	503149988	503149988	503149988	503149988	503149988	503149988	15109
586	506598360	506598360	506598360	506598360	506598360	506598360	506598360	15073
587	510064430	510064430	510064430	510064430	510064430	510064430	510064430	15036
588	513548258	513548258	513548258	513548258	513548258	513548258	513548258	15000
589	517049904	517049904	517049904	517049904	517049904	517049904	517049904	14964
590	520569429	520569429	520569429	520569429	520569429	520569429	520569429	14927
591	524106895	524106895	524106895	524106895	524106895	524106895	524106895	14891
592	527662361	527662361	527662361	527662361	527662361	527662361	527662361	14854
593	531235889	531235889	531235889	531235889	531235889	531235889	531235889	14818
594	534827539	534827539	534827539	534827539	534827539	534827539	534827539	14782
595	538437374	538437374	538437374	538437374	538437374	538437374	538437374	14745
596	542065454	542065454	542065454	542065454	542065454	542065454	542065454	14709
597	545711840	545711840	545711840	545711840	545711840	545711840	545711840	14672
598	549376595	549376595	549376595	549376595	549376595	549376595	549376595	14636
599	553059779	553059779	553059779	553059779	553059779	553059779	553059779	14599
600	556761454	556761454	556761454	556761454	556761454	556761454	556761454	14563
601	560481683	560481683	560481683	560481683	560481683	560481683	560481683	14527
602	564220527	564220527	564220527	564220527	564220527	564220527	564220527	14490
603	567978048	567978048	567978048	567978048	567978048	567978048	567978048	14454
604	571754308	571754308	571754308	571754308	571754308	571754308	571754308	14417
605	575549369	575549369	575549369	575549369	575549369	575549369	575549369	14381
606	579363294	579363294	579363294	579363294	579363294	579363294	579363294	14345
607	583196145	583196145	583196145	583196145	583196145	583196145	583196145	14308
608	587047985	587047985	587047985	587047985	587047985	587047985	587047985	14272
609	590918876	590918876	590918876	590918876	590918876	590918876	590918876	14235
610	594808881	594808881	594808881	594808881	594808881	594808881	594808881	14199
611	598718062	598718062	598718062	598718062	598718062	598718062	598718062	14163
612	602646483	602646483	602646483	602646483	602646483	602646483	602646483	14126
613	606594207	606594207	606594207	606594207	606594207	606594207	606594207	14090
614	610561297	610561297	610561297	610561297	610561297	610561297	610561297	14053
615	614547815	614547815	614547815	614547815	614547815	614547815	614547815	14017
616	618553827	618553827	618553827	618553827	618553827	618553827	618553827	13981
617	622579393	622579393	622579393	622579393	622579393	622579393	622579393	13944
618	626624580	626624580	626624580	626624580	626624580	626624580	626624580	13908
619	630689449	630689449	630689449	630689449	630689449	630689449	630689449	13871
620	634774065	634774065	634774065	634774065	634774065	634774065	634774065	13835
621	638878492	638878492	638878492	638878492	638878492	638878492	638878492	13798
622	643002793	643002793	643002793	643002793	643002793	643002793	643002793	13762
623	647147033	647147033	647147033	647147033	647147033	647147033	647147033	13726
624	651311276	651311276	651311276	651311276	651311276	651311276	651311276	13689
625	655495585	655495585	655495585	655495585	655495585	655495585	655495585	13653
626	659700026	659700026	659700026	659700026	659700026	659700026	659700026	13616
627	663924663	663924663	663924663	663924663	663924663	663924663	663924663	13580
628	668169561	668169561	668169561	668169561	668169561	668169561	668169561	13544
629	672434784	672434784	672434784	672434784	672434784	672434784	672434784	13507
630	676720396	676720396	676720396	676720396	676720396	676720396	676720396	13471
631	681026463	681026463	681026463	681026463	681026463	681026463	681026463	13434
632	685353051	685353051	685353051	685353051	685353051	685353051	685353051	13398
633	689700223	689700223	689700223	689700223	689700223	689700223	689700223	13362
634	694068045	694068045	694068045	694068045	694068045	694068045	694068045	13325
635	698456582	698456582	698456582	698456582	698456582	698456582	698456582	13289
636	702865900	702865900	702865900	702865900	702865900	702865900	702865900	13252
637	707296065	707296065	707296065	707296065	707296065	707296065	707296065	13216
638	711747141	711747141	711747141	711747141	711747141	711747141	711747141	13180
639	716219195	716219195	716219195	716219195	716219195	716219195	716219195	13143
640	720712292	720712292	720712292	720712292	720712292	720712292	720712292	13107
641	725226498	725226498	725226498	725226498	725226498	725226498	725226498	13070
642	729761880	729761880	729761880	729761880	729761880	729761880	729761880	13034
643	734318504	734318504	734318504	734318504	734318504	734318504	734318504	12997
644	738896434	738896434	738896434	738896434	738896434	738896434	738896434	12961
645	743495739	743495739	743495739	743495739	743495739	743495739	743495739	12925
646	748116485	748116485	748116485	748116485	748116485	748116485	748116485	12888
647	752758737	752758737	752758737	752758737	752758737	752758737	752758737	12852
648	757422562	757422562	757422562	757422562	757422562	757422562	757422562	12815
649	762108029	762108029	762108029	762108029	762108029	762108029	762108029	12779
650	766815202	766815202	766815202	766815202	766815202	766815202	766815202	12743
651	771544149	771544149	771544149	771544149	771544149	771544149	771544149	12706
652	776294937	776294937	776294937	776294937	776294937	776294937	776294937	12670
653	781067634	781067634	781067634	781067634	781067634	781067634	781067634	12633
654	785862306	785862306	785862306	785862306	785862306	785862306	785862306	12597
655	790679022	790679022	790679022	790679022	790679022	790679022	790679022	12561
656	795517847	795517847	795517847	795517847	795517847	795517847	795517847	12524
657	800378850	800378850	800378850	800378850	800378850	800378850	800378850	12488
658	805262099	805262099	805262099	805262099	805262099	805262099	805262099	12451
659	810167662	810167662	810167662	810167662	810167662	810167662	810167662	12415
660	815095605	815095605	815095605	815095605	815095605	815095605	815095605	12379
661	820045998	820045998	820045998	820045998	820045998	820045998	820045998	12342
662	825018908	825018908	825018908	825018908	825018908	825018908	825018908	12306
663	830014403	830014403	830014403	830014403	830014403	830014403	830014403	12269
664	835032553	835032553	835032553	835032553	835032553	835032553	835032553	12233
665	840073424	840073424	840073424	840073424	840073424	840073424	840073424	12196
666	845137086	845137086	845137086	845137086	845137086	845137086	845137086	12160
667	850223607	850223607	850223607	850223607	850223607	850223607	850223607	12124
668	855333056	855333056	855333056	855333056	855333056	855333056	855333056	12087
669	860465502	860465502	860465502	860465502	860465502	860465502	860465502	12051
670	865621013	865621013	865621013	865621013	865621013	865621013	865621013	12014
671	870799659	870799659	870799659	870799659	870799659	870799659	870799659	11978
672	876001508	876001508	876001508	876001508	876001508	876001508	876001508	11942
673	881226631	881226631	881226631	881226631	881226631	881226631	881226631	11905
674	886475095	886475095	886475095	886475095	886475095	886475095	886475095	11869
675	891746972	891746972	891746972	891746972	891746972	891746972	891746972	11832
676	897042329	897042329	897042329	897042329	897042329	897042329	897042329	11796
677	902361238	902361238	902361238	902361238	902361238	902361238	902361238	11760
678	907703767	907703767	907703767	907703767	907703767	907703767	907703767	11723
679	913069986	913069986	913069986	913069986	913069986	913069986	913069986	11687
680	918459965	918459965	918459965	918459965	918459965	918459965	918459965	11650
681	923873775	923873775	923873775	923873775	923873775	923873775	923873775	11614
682	929311485	929311485	929311485	929311485	929311485	929311485	929311485	11578
683	934773166	934773166	934773166	934773166	934773166	934773166	934773166	11541
684	940258888	940258888	940258888	940258888	940258888	940258888	940258888	11505
685	945768722	945768722	945768722	945768722	945768722	945768722	945768722	11468
686	951302737	951302737	951302737	951302737	951302737	951302737	951302737	11432
687	956861005	956861005	956861005	956861005	956861005	956861005	956861005	11395
688	962443597	962443597	962443597	962443597	962443597	962443597	962443597	11359
689	968050583	968050583	968050583	968050583	968050583	968050583	968050583	11323
690	973682034	973682034	973682034	973682034	973682034	973682034	973682034	11286
691	979338021	979338021	979338021	979338021	979338021	979338021	979338021	11250
692	985018617	985018617	985018617	985018617	985018617	985018617	985018617	11213
693	990723890	990723890	990723890	990723890	990723890	990723890	990723890	11177
694	996453914	996453914	996453914	996453914	996453914	996453914	996453914	11141
695	1002208760	1002208760	1002208760	1002208760	1002208760	1002208760	1002208760	11104
696	1007988499	1007988499	1007988499	1007988499	1007988499	1007988499	1007988499	11068
697	1013793202	1013793202	1013793202	1013793202	1013793202	1013793202	1013793202	11031
698	1019622943	1019622943	1019622943	1019622943	1019622943	1019622943	1019622943	10995
699	1025477792	1025477792	1025477792	1025477792	1025477792	1025477792	1025477792	10959
700	1031357821	1031357821	1031357821	1031357821	1031357821	1031357821	1031357821	10922
701	1037263103	1037263103	1037263103	1037263103	1037263103	1037263103	1037263103	10886
702	1043193710	1043193710	1043193710	1043193710	1043193710	1043193710	1043193710	10849
703	1049149714	1049149714	1049149714	1049149714	1049149714	1049149714	1049149714	10813
704	1055131188	1055131188	1055131188	1055131188	1055131188	1055131188	1055131188	10777
705	1061138204	1061138204	1061138204	1061138204	1061138204	1061138204	1061138204	10740
706	1067170835	1067170835	1067170835	1067170835	1067170835	1067170835	1067170835	10704
707	1073229152	1073229152	1073229152	1073229152	1073229152	1073229152	1073229152	10667
708	1079313231	1079313231	1079313231	1079313231	1079313231	1079313231	1079313231	10631
709	1085423142	1085423142	1085423142	1085423142	1085423142	1085423142	1085423142	10594
710	1091558959	1091558959	1091558959	1091558959	1091558959	1091558959	1091558959	10558
711	1097720756	1097720756	1097720756	1097720756	1097720756	1097720756	1097720756	10522
712	1103908605	1103908605	1103908605	1103908605	1103908605	1103908605	1103908605	10485
713	1110122580	1110122580	1110122580	1110122580	1110122580	1110122580	1110122580	10449
714	1116362755	1116362755	1116362755	1116362755	1116362755	1116362755	1116362755	10412
715	1122629202	1122629202	1122629202	1122629202	1122629202	1122629202	1122629202	10376
716	1128921996	1128921996	1128921996	1128921996	1128921996	1128921996	1128921996	10340
717	1135241210	1135241210	1135241210	1135241210	1135241210	1135241210	1135241210	10303
718	1141586918	1141586918	1141586918	1141586918	1141586918	1141586918	1141586918	10267
719	1147959194	1147959194	1147959194	1147959194	1147959194	1147959194	1147959194	10230
720	1154358112	1154358112	1154358112	1154358112	1154358112	1154358112	1154358112	10194
721	1160783746	1160783746	1160783746	1160783746	1160783746	1160783746	1160783746	10158
722	1167236171	1167236171	1167236171	1167236171	1167236171	1167236171	1167236171	10121
723	1173715460	1173715460	1173715460	1173715460	1173715460	1173715460	1173715460	10085
724	1180221689	1180221689	1180221689	1180221689	1180221689	1180221689	1180221689	10048
725	1186754932	1186754932	1186754932	1186754932	1186754932	1186754932	1186754932	10012
726	1193315264	1193315264	1193315264	1193315264	1193315264	1193315264	1193315264	9976
727	1199902759	1199902759	1199902759	1199902759	1199902759	1199902759	1199902759	9939
728	1206517492	1206517492	1206517492	1206517492	1206517492	1206517492	1206517492	9903
729	1213159538	1213159538	1213159538	1213159538	1213159538	1213159538	1213159538	9866
730	1219828972	1219828972	1219828972	1219828972	1219828972	1219828972	1219828972	9830
731	1226525870	1226525870	1226525870	1226525870	1226525870	1226525870	1226525870	9793
732	1233250307	1233250307	1233250307	1233250307	1233250307	1233250307	1233250307	9757
733	1240002358	1240002358	1240002358	1240002358	1240002358	1240002358	1240002358	9721
734	1246782098	1246782098	1246782098	1246782098	1246782098	1246782098	1246782098	9684
735	1253589604	1253589604	1253589604	1253589604	1253589604	1253589604	1253589604	9648
736	1260424951	1260424951	1260424951	1260424951	1260424951	1260424951	1260424951	9611
737	1267288214	1267288214	1267288214	1267288214	1267288214	1267288214	1267288214	9575
738	1274179470	1274179470	1274179470	1274179470	1274179470	1274179470	1274179470	9539
739	1281098795	1281098795	1281098795	1281098795	1281098795	1281098795	1281098795	9502
740	1288046265	1288046265	1288046265	1288046265	1288046265	1288046265	1288046265	9466
741	1295021956	1295021956	1295021956	1295021956	1295021956	1295021956	1295021956	9429
742	1302025944	1302025944	1302025944	1302025944	1302025944	1302025944	1302025944	9393
743	1309058306	1309058306	1309058306	1309058306	1309058306	1309058306	1309058306	9357
744	1316119118	1316119118	1316119118	1316119118	1316119118	1316119118	1316119118	9320
745	1323208457	1323208457	1323208457	1323208457	1323208457	1323208457	1323208457	9284
746	1330326399	1330326399	1330326399	1330326399	1330326399	1330326399	1330326399	9247
747	1337473023	1337473023	1337473023	1337473023	1337473023	1337473023	1337473023	9211
748	1344648403	1344648403	1344648403	1344648403	1344648403	1344648403	1344648403	9175
749	1351852618	1351852618	1351852618	1351852618	1351852618	1351852618	1351852618	9138
750	1359085745	1359085745	1359085745	1359085745	1359085745	1359085745	1359085745	9102
751	1366347861	1366347861	1366347861	1366347861	1366347861	1366347861	1366347861	9065
752	1373639043	1373639043	1373639043	1373639043	1373639043	1373639043	1373639043	9029
753	1380959368	1380959368	1380959368	1380959368	1380959368	1380959368	1380959368	8992
754	1388308915	1388308915	1388308915	1388308915	1388308915	1388308915	1388308915	8956
755	1395687761	1395687761	1395687761	1395687761	1395687761	1395687761	1395687761	8920
756	1403095983	1403095983	1403095983	1403095983	1403095983	1403095983	1403095983	8883
757	1410533660	1410533660	1410533660	1410533660	1410533660	1410533660	1410533660	8847
758	1418000869	1418000869	1418000869	1418000869	1418000869	1418000869	1418000869	8810
759	1425497689	1425497689	1425497689	1425497689	1425497689	1425497689	1425497689	8774
760	1433024198	1433024198	1433024198	1433024198	1433024198	1433024198	1433024198	8738
761	1440580474	1440580474	1440580474	1440580474	1440580474	1440580474	1440580474	8701
762	1448166595	1448166595	1448166595	1448166595	1448166595	1448166595	1448166595	8665
763	1455782640	1455782640	1455782640	1455782640	1455782640	1455782640	1455782640	8628
764	1463428688	1463428688	1463428688	1463428688	1463428688	1463428688	1463428688	8592
765	1471104817	1471104817	1471104817	1471104817	1471104817	1471104817	1471104817	8556
766	1478811105	1478811105	1478811105	1478811105	1478811105	1478811105	1478811105	8519
767	1486547633	1486547633	1486547633	1486547633	1486547633	1486547633	1486547633	8483
768	1494314479	1494314479	1494314479	1494314479	1494314479	1494314479	1494314479	8446
769	1502111721	1502111721	1502111721	1502111721	1502111721	1502111721	1502111721	8410
770	1509939440	1509939440	1509939440	1509939440	1509939440	1509939440	1509939440	8374
771	1517797714	1517797714	1517797714	1517797714	1517797714	1517797714	1517797714	8337
772	1525686623	1525686623	1525686623	1525686623	1525686623	1525686623	1525686623	8301
773	1533606247	1533606247	1533606247	1533606247	1533606247	1533606247	1533606247	8264
774	1541556665	1541556665	1541556665	1541556665	1541556665	1541556665	1541556665	8228
775	1549537956	1549537956	1549537956	1549537956	1549537956	1549537956	1549537956	8192
776	1557550201	1557550201	1557550201	1557550201	1557550201	1557550201	1557550201	8155
777	1565593480	1565593480	1565593480	1565593480	1565593480	1565593480	1565593480	8119
778	1573667872	1573667872	1573667872	1573667872	1573667872	1573667872	1573667872	8082
779	1581773458	1581773458	1581773458	1581773458	1581773458	1581773458	1581773458	8046
780	1589910317	1589910317	1589910317	1589910317	1589910317	1589910317	1589910317	8009
781	1598078531	1598078531	1598078531	1598078531	1598078531	1598078531	1598078531	7973
782	1606278180	1606278180	1606278180	1606278180	1606278180	1606278180	1606278180	7937
783	1614509344	1614509344	1614509344	1614509344	1614509344	1614509344	1614509344	7900
784	1622772104	1622772104	1622772104	1622772104	1622772104	1622772104	1622772104	7864
785	1631066541	1631066541	1631066541	1631066541	1631066541	1631066541	1631066541	7827
786	1639392735	1639392735	1639392735	1639392735	1639392735	1639392735	1639392735	7791
787	1647750767	1647750767	1647750767	1647750767	1647750767	1647750767	1647750767	7755
788	1656140719	1656140719	1656140719	1656140719	1656140719	1656140719	1656140719	7718
789	1664562672	1664562672	1664562672	1664562672	1664562672	1664562672	1664562672	7682
790	1673016707	1673016707	1673016707	1673016707	1673016707	1673016707	1673016707	7645
791	1681502905	1681502905	1681502905	1681502905	1681502905	1681502905	1681502905	7609
792	1690021348	1690021348	1690021348	1690021348	1690021348	1690021348	1690021348	7573
793	1698572118	1698572118	1698572118	1698572118	1698572118	1698572118	1698572118	7536
794	1707155295	1707155295	1707155295	1707155295	1707155295	1707155295	1707155295	7500
795	1715770963	1715770963	1715770963	1715770963	1715770963	1715770963	1715770963	7463
796	1724419202	1724419202	1724419202	1724419202	1724419202	1724419202	1724419202	7427
797	1733100095	1733100095	1733100095	1733100095	1733100095	1733100095	1733100095	7391
798	1741813724	1741813724	1741813724	1741813724	1741813724	1741813724	1741813724	7354
799	1750560170	1750560170	1750560170	1750560170	1750560170	1750560170	1750560170	7318
800	1759339517	1759339517	1759339517	1759339517	1759339517	1759339517	1759339517	7281
801	1768151847	1768151847	1768151847	1768151847	1768151847	1768151847	1768151847	7245
802	1776997242	1776997242	1776997242	1776997242	1776997242	1776997242	1776997242	7208
803	1785875785	1785875785	1785875785	1785875785	1785875785	1785875785	1785875785	7172
804	1794787559	1794787559	1794787559	1794787559	1794787559	1794787559	1794787559	7136
805	1803732646	1803732646	1803732646	1803732646	1803732646	1803732646	1803732646	7099
806	1812711129	1812711129	1812711129	1812711129	1812711129	1812711129	1812711129	7063
807	1821723091	1821723091	1821723091	1821723091	1821723091	1821723091	1821723091	7026
808	1830768616	1830768616	1830768616	1830768616	1830768616	1830768616	1830768616	6990
809	1839847787	1839847787	1839847787	1839847787	1839847787	1839847787	1839847787	6954
810	1848960686	1848960686	1848960686	1848960686	1848960686	1848960686	1848960686	6917
811	1858107398	1858107398	1858107398	1858107398	1858107398	1858107398	1858107398	6881
812	1867288006	1867288006	1867288006	1867288006	1867288006	1867288006	1867288006	6844
813	1876502594	1876502594	1876502594	1876502594	1876502594	1876502594	1876502594	6808
814	1885751245	1885751245	1885751245	1885751245	1885751245	1885751245	1885751245	6772
815	1895034043	1895034043	1895034043	1895034043	1895034043	1895034043	1895034043	6735
816	1904351072	1904351072	1904351072	1904351072	1904351072	1904351072	1904351072	6699
817	1913702416	1913702416	1913702416	1913702416	1913702416	1913702416	1913702416	6662
818	1923088160	1923088160	1923088160	1923088160	1923088160	1923088160	1923088160	6626
819	1932508387	1932508387	1932508387	1932508387	1932508387	1932508387	1932508387	6590
820	1941963183	1941963183	1941963183	1941963183	1941963183	1941963183	1941963183	6553
821	1951452630	1951452630	1951452630	1951452630	1951452630	1951452630	1951452630	6517
822	1960976815	1960976815	1960976815	1960976815	1960976815	1960976815	1960976815	6480
823	1970535821	1970535821	1970535821	1970535821	1970535821	1970535821	1970535821	6444
824	1980129734	1980129734	1980129734	1980129734	1980129734	1980129734	1980129734	6407
825	1989758638	1989758638	1989758638	1989758638	1989758638	1989758638	1989758638	6371
826	1999422618	1999422618	1999422618	1999422618	1999422618	1999422618	1999422618	6335
827	2009121760	2009121760	2009121760	2009121760	2009121760	2009121760	2009121760	6298
828	2018856148	2018856148	2018856148	2018856148	2018856148	2018856148	2018856148	6262
829	2028625868	2028625868	2028625868	2028625868	2028625868	2028625868	2028625868	6225
830	2038431006	2038431006	2038431006	2038431006	2038431006	2038431006	2038431006	6189
831	2048271646	2048271646	2048271646	2048271646	2048271646	2048271646	2048271646	6153
832	2058147874	2058147874	2058147874	2058147874	2058147874	2058147874	2058147874	6116
833	2068059776	2068059776	2068059776	2068059776	2068059776	2068059776	2068059776	6080
834	2078007439	2078007439	2078007439	2078007439	2078007439	2078007439	2078007439	6043
835	2087990946	2087990946	2087990946	2087990946	2087990946	2087990946	2087990946	6007
836	2098010386	2098010386	2098010386	2098010386	2098010386	2098010386	2098010386	5971
837	2108065844	2108065844	2108065844	2108065844	2108065844	2108065844	2108065844	5934
838	2118157405	2118157405	2118157405	2118157405	2118157405	2118157405	2118157405	5898
839	2128285157	2128285157	2128285157	2128285157	2128285157	2128285157	2128285157	5861
840	2138449186	2138449186	2138449186	2138449186	2138449186	2138449186	2138449186	5825
841	2148649578	2148649578	2148649578	2148649578	2148649578	2148649578	2148649578	5789
842	2158886420	2158886420	2158886420	2158886420	2158886420	2158886420	2158886420	5752
843	2169159798	2169159798	2169159798	2169159798	2169159798	2169159798	2169159798	5716
844	2179469800	2179469800	2179469800	2179469800	2179469800	2179469800	2179469800	5679
845	2189816513	2189816513	2189816513	2189816513	2189816513	2189816513	2189816513	5643
846	2200200023	2200200023	2200200023	2200200023	2200200023	2200200023	2200200023	5606
847	2210620418	2210620418	2210620418	2210620418	2210620418	2210620418	2210620418	5570
848	2221077784	2221077784	2221077784	2221077784	2221077784	2221077784	2221077784	5534
849	2231572210	2231572210	2231572210	2231572210	2231572210	2231572210	2231572210	5497
850	2242103782	2242103782	2242103782	2242103782	2242103782	2242103782	2242103782	5461
851	2252672589	2252672589	2252672589	2252672589	2252672589	2252672589	2252672589	5424
852	2263278718	2263278718	2263278718	2263278718	2263278718	2263278718	2263278718	5388
853	2273922256	2273922256	2273922256	2273922256	2273922256	2273922256	2273922256	5352
854	2284603292	2284603292	2284603292	2284603292	2284603292	2284603292	2284603292	5315
855	2295321913	2295321913	2295321913	2295321913	2295321913	2295321913	2295321913	5279
856	2306078208	2306078208	2306078208	2306078208	2306078208	2306078208	2306078208	5242
857	2316872264	2316872264	2316872264	2316872264	2316872264	2316872264	2316872264	5206
858	2327704171	2327704171	2327704171	2327704171	2327704171	2327704171	2327704171	5170
859	2338574016	2338574016	2338574016	2338574016	2338574016	2338574016	2338574016	5133
860	2349481887	2349481887	2349481887	2349481887	2349481887	2349481887	2349481887	5097
861	2360427875	2360427875	2360427875	2360427875	2360427875	2360427875	2360427875	5060
862	2371412066	2371412066	2371412066	2371412066	2371412066	2371412066	2371412066	5024
863	2382434550	2382434550	2382434550	2382434550	2382434550	2382434550	2382434550	4988
864	2393495416	2393495416	2393495416	2393495416	2393495416	2393495416	2393495416	4951
865	2404594753	2404594753	2404594753	2404594753	2404594753	2404594753	2404594753	4915
866	2415732650	2415732650	2415732650	2415732650	2415732650	2415732650	2415732650	4878
867	2426909196	2426909196	2426909196	2426909196	2426909196	2426909196	2426909196	4842
868	2438124480	2438124480	2438124480	2438124480	2438124480	2438124480	2438124480	4805
869	2449378593	2449378593	2449378593	2449378593	2449378593	2449378593	2449378593	4769
870	2460671622	2460671622	2460671622	2460671622	2460671622	2460671622	2460671622	4733
871	2472003659	2472003659	2472003659	2472003659	2472003659	2472003659	2472003659	4696
872	2483374792	2483374792	2483374792	2483374792	2483374792	2483374792	2483374792	4660
873	2494785111	2494785111	2494785111	2494785111	2494785111	2494785111	2494785111	4623
874	2506234708	2506234708	2506234708	2506234708	2506234708	2506234708	2506234708	4587
875	2517723670	2517723670	2517723670	2517723670	2517723670	2517723670	2517723670	4551
876	2529252089	2529252089	2529252089	2529252089	2529252089	2529252089	2529252089	4514
877	2540820055	2540820055	2540820055	2540820055	2540820055	2540820055	2540820055	4478
878	2552427659	2552427659	2552427659	2552427659	2552427659	2552427659	2552427659	4441
879	2564074989	2564074989	2564074989	2564074989	2564074989	2564074989	2564074989	4405
880	2575762138	2575762138	2575762138	2575762138	2575762138	2575762138	2575762138	4369
881	2587489196	2587489196	2587489196	2587489196	2587489196	2587489196	2587489196	4332
882	2599256253	2599256253	2599256253	2599256253	2599256253	2599256253	2599256253	4296
883	2611063401	2611063401	2611063401	2611063401	2611063401	2611063401	2611063401	4259
884	2622910730	2622910730	2622910730	2622910730	2622910730	2622910730	2622910730	4223
885	2634798331	2634798331	2634798331	2634798331	2634798331	2634798331	2634798331	4187
886	2646726296	2646726296	2646726296	2646726296	2646726296	2646726296	2646726296	4150
887	2658694716	2658694716	2658694716	2658694716	2658694716	2658694716	2658694716	4114
888	2670703682	2670703682	2670703682	2670703682	2670703682	2670703682	2670703682	4077
889	2682753286	2682753286	2682753286	2682753286	2682753286	2682753286	2682753286	4041
890	2694843619	2694843619	2694843619	2694843619	2694843619	2694843619	2694843619	4004
891	2706974773	2706974773	2706974773	2706974773	2706974773	2706974773	2706974773	3968
892	2719146839	2719146839	2719146839	2719146839	2719146839	2719146839	2719146839	3932
893	2731359910	2731359910	2731359910	2731359910	2731359910	2731359910	2731359910	3895
894	2743614078	2743614078	2743614078	2743614078	2743614078	2743614078	2743614078	3859
895	2755909434	2755909434	2755909434	2755909434	2755909434	2755909434	2755909434	3822
896	2768246071	2768246071	2768246071	2768246071	2768246071	2768246071	2768246071	3786
897	2780624082	2780624082	2780624082	2780624082	2780624082	2780624082	2780624082	3750
898	2793043558	2793043558	2793043558	2793043558	2793043558	2793043558	2793043558	3713
899	2805504592	2805504592	2805504592	2805504592	2805504592	2805504592	2805504592	3677
900	2818007276	2818007276	2818007276	2818007276	2818007276	2818007276	2818007276	3640
901	2830551704	2830551704	2830551704	2830551704	2830551704	2830551704	2830551704	3604
902	2843137968	2843137968	2843137968	2843137968	2843137968	2843137968	2843137968	3568
903	2855766162	2855766162	2855766162	2855766162	2855766162	2855766162	2855766162	3531
904	2868436377	2868436377	2868436377	2868436377	2868436377	2868436377	2868436377	3495
905	2881148707	2881148707	2881148707	2881148707	2881148707	2881148707	2881148707	3458
906	2893903246	2893903246	2893903246	2893903246	2893903246	2893903246	2893903246	3422
907	2906700087	2906700087	2906700087	2906700087	2906700087	2906700087	2906700087	3386
908	2919539323	2919539323	2919539323	2919539323	2919539323	2919539323	2919539323	3349
909	2932421048	2932421048	2932421048	2932421048	2932421048	2932421048	2932421048	3313
910	2945345355	2945345355	2945345355	2945345355	2945345355	2945345355	2945345355	3276
911	2958312338	2958312338	2958312338	2958312338	2958312338	2958312338	2958312338	3240
912	2971322091	2971322091	2971322091	2971322091	2971322091	2971322091	2971322091	3203
913	2984374708	2984374708	2984374708	2984374708	2984374708	2984374708	2984374708	3167
914	2997470283	2997470283	2997470283	2997470283	2997470283	2997470283	2997470283	3131
915	3010608910	3010608910	3010608910	3010608910	3010608910	3010608910	3010608910	3094
916	3023790683	3023790683	3023790683	3023790683	3023790683	3023790683	3023790683	3058
917	3037015697	3037015697	3037015697	3037015697	3037015697	3037015697	3037015697	3021
918	3050284046	3050284046	3050284046	3050284046	3050284046	3050284046	3050284046	2985
919	3063595825	3063595825	3063595825	3063595825	3063595825	3063595825	3063595825	2949
920	3076951128	3076951128	3076951128	3076951128	3076951128	3076951128	3076951128	2912
921	3090350051	3090350051	3090350051	3090350051	3090350051	3090350051	3090350051	2876
922	3103792687	3103792687	3103792687	3103792687	3103792687	3103792687	3103792687	2839
923	3117279132	3117279132	3117279132	3117279132	3117279132	3117279132	3117279132	2803
924	3130809482	3130809482	3130809482	3130809482	3130809482	3130809482	3130809482	2767
925	3144383830	3144383830	3144383830	3144383830	3144383830	3144383830	3144383830	2730
926	3158002274	3158002274	3158002274	3158002274	3158002274	3158002274	3158002274	2694
927	3171664907	3171664907	3171664907	3171664907	3171664907	3171664907	3171664907	2657
928	3185371825	3185371825	3185371825	3185371825	3185371825	3185371825	3185371825	2621
929	3199123125	3199123125	3199123125	3199123125	3199123125	3199123125	3199123125	2585
930	3212918901	3212918901	3212918901	3212918901	3212918901	3212918901	3212918901	2548
931	3226759250	3226759250	3226759250	3226759250	3226759250	3226759250	3226759250	2512
932	3240644267	3240644267	3240644267	3240644267	3240644267	3240644267	3240644267	2475
933	3254574049	3254574049	3254574049	3254574049	3254574049	3254574049	3254574049	2439
934	3268548691	3268548691	3268548691	3268548691	3268548691	3268548691	3268548691	2402
935	3282568289	3282568289	3282568289	3282568289	3282568289	3282568289	3282568289	2366
936	3296632941	3296632941	3296632941	3296632941	3296632941	3296632941	3296632941	2330
937	3310742743	3310742743	3310742743	3310742743	3310742743	3310742743	3310742743	2293
938	3324897790	3324897790	3324897790	3324897790	3324897790	3324897790	3324897790	2257
939	3339098180	3339098180	3339098180	3339098180	3339098180	3339098180	3339098180	2220
940	3353344009	3353344009	3353344009	3353344009	3353344009	3353344009	3353344009	2184
941	3367635374	3367635374	3367635374	3367635374	3367635374	3367635374	3367635374	2148
942	3381972373	3381972373	3381972373	3381972373	3381972373	3381972373	3381972373	2111
943	3396355101	3396355101	3396355101	3396355101	3396355101	3396355101	3396355101	2075
944	3410783657	3410783657	3410783657	3410783657	3410783657	3410783657	3410783657	2038
945	3425258137	3425258137	3425258137	3425258137	3425258137	3425258137	3425258137	2002
946	3439778639	3439778639	3439778639	3439778639	3439778639	3439778639	3439778639	1966
947	3454345261	3454345261	3454345261	3454345261	3454345261	3454345261	3454345261	1929
948	3468958099	3468958099	3468958099	3468958099	3468958099	3468958099	3468958099	1893
949	3483617252	3483617252	3483617252	3483617252	3483617252	3483617252	3483617252	1856
950	3498322817	3498322817	3498322817	3498322817	3498322817	3498322817	3498322817	1820
951	3513074892	3513074892	3513074892	3513074892	3513074892	3513074892	3513074892	1784
952	3527873575	3527873575	3527873575	3527873575	3527873575	3527873575	3527873575	1747
953	3542718965	3542718965	3542718965	3542718965	3542718965	3542718965	3542718965	1711
954	3557611158	3557611158	3557611158	3557611158	3557611158	3557611158	3557611158	1674
955	3572550255	3572550255	3572550255	3572550255	3572550255	3572550255	3572550255	1638
956	3587536352	3587536352	3587536352	3587536352	3587536352	3587536352	3587536352	1601
957	3602569548	3602569548	3602569548	3602569548	3602569548	3602569548	3602569548	1565
958	3617649943	3617649943	3617649943	3617649943	3617649943	3617649943	3617649943	1529
959	3632777635	3632777635	3632777635	3632777635	3632777635	3632777635	3632777635	1492
960	3647952721	3647952721	3647952721	3647952721	3647952721	3647952721	3647952721	1456
961	3663175303	3663175303	3663175303	3663175303	3663175303	3663175303	3663175303	1419
962	3678445477	3678445477	3678445477	3678445477	3678445477	3678445477	3678445477	1383
963	3693763344	3693763344	3693763344	3693763344	3693763344	3693763344	3693763344	1347
964	3709129003	3709129003	3709129003	3709129003	3709129003	3709129003	3709129003	1310
965	3724542553	3724542553	3724542553	3724542553	3724542553	3724542553	3724542553	1274
966	3740004093	3740004093	3740004093	3740004093	3740004093	3740004093	3740004093	1237
967	3755513723	3755513723	3755513723	3755513723	3755513723	3755513723	3755513723	1201
968	3771071543	3771071543	3771071543	3771071543	3771071543	3771071543	3771071543	1165
969	3786677651	3786677651	3786677651	3786677651	3786677651	3786677651	3786677651	1128
970	3802332149	3802332149	3802332149	3802332149	3802332149	3802332149	3802332149	1092
971	3818035136	3818035136	3818035136	3818035136	3818035136	3818035136	3818035136	1055
972	3833786711	3833786711	3833786711	3833786711	3833786711	3833786711	3833786711	1019
973	3849586976	3849586976	3849586976	3849586976	3849586976	3849586976	3849586976	983
974	3865436030	3865436030	3865436030	3865436030	3865436030	3865436030	3865436030	946
975	3881333974	3881333974	3881333974	3881333974	3881333974	3881333974	3881333974	910
976	3897280908	3897280908	3897280908	3897280908	3897280908	3897280908	3897280908	873
977	3913276933	3913276933	3913276933	3913276933	3913276933	3913276933	3913276933	837
978	3929322148	3929322148	3929322148	3929322148	3929322148	3929322148	3929322148	800
979	3945416656	3945416656	3945416656	3945416656	3945416656	3945416656	3945416656	764
980	3961560557	3961560557	3961560557	3961560557	3961560557	3961560557	3961560557	728
981	3977753951	3977753951	3977753951	3977753951	3977753951	3977753951	3977753951	691
982	3993996941	3993996941	3993996941	3993996941	3993996941	3993996941	3993996941	655
983	4010289626	4010289626	4010289626	4010289626	4010289626	4010289626	4010289626	618
984	4026632109	4026632109	4026632109	4026632109	4026632109	4026632109	4026632109	582
985	4043024491	4043024491	4043024491	4043024491	4043024491	4043024491	4043024491	546
986	4059466872	4059466872	4059466872	4059466872	4059466872	4059466872	4059466872	509
987	4075959355	4075959355	4075959355	4075959355	4075959355	4075959355	4075959355	473
988	4092502042	4092502042	4092502042	4092502042	4092502042	4092502042	4092502042	436
989	4109095034	4109095034	4109095034	4109095034	4109095034	4109095034	4109095034	400
990	4125738433	4125738433	4125738433	4125738433	4125738433	4125738433	4125738433	364
991	4142432341	4142432341	4142432341	4142432341	4142432341	4142432341	4142432341	327
992	4159176859	4159176859	4159176859	4159176859	4159176859	4159176859	4159176859	291
993	4175972092	4175972092	4175972092	4175972092	4175972092	4175972092	4175972092	254
994	4192818139	4192818139	4192818139	4192818139	4192818139	4192818139	4192818139	218
995	4209715105	4209715105	4209715105	4209715105	4209715105	4209715105	4209715105	182
996	4226663091	4226663091	4226663091	4226663091	4226663091	4226663091	4226663091	145
997	4243662201	4243662201	4243662201	4243662201	4243662201	4243662201	4243662201	109
998	4260712536	4260712536	4260712536	4260712536	4260712536	4260712536	4260712536	72
999	4277814199	4277814199	4277814199	4277814199	4277814199	4277814199	4277814199	36
1000	4294967295	4294967295	4294967295	4294967295	4294967295	4294967295	4294967295	1
